FIFO,RR,FIFO_TIME,RR_TIME,OTHER_TIME

1,99,3.30147510,2.420393648,7.52011780
1,60,2.947506449,2.404277428,7.29931218
1,20,2.898435979,2.424240637,7.74240032
1,10,2.857621034,2.430565002,7.30940787
1,5,2.803031919,2.425681835,7.44086863
1,1,2.417519687,4.738928011,7.77984295
99,1,2.306534425,4.744069360,7.69668727
60,1,2.312086914,4.735905900,7.61779598
20,1,2.319379078,4.772395848,7.158498495
10,1,2.321311781,4.780257684,7.190390919
5,1,2.307428604,4.730039565,7.145875042
1,1,2.365201548,4.697815903,7.35132571
